Matriz 1: 
-1 664 153 268 500 997 991 
903 762 253 590 868 842 682 
707 409 87 351 565 496 251 
485 564 114 584 413 863 22 
388 307 545 585 972 417 572 
192 415 565 814 178 537 405 
765 380 806 193 509 893 263 

pos atual: i = 1 j = 0


-1 664 153 268 500 997 991 
-1 -1 253 590 868 842 682 
707 409 87 351 565 496 251 
485 564 114 584 413 863 22 
388 307 545 585 972 417 572 
192 415 565 814 178 537 405 
765 380 806 193 509 893 263 

pos atual: i = 2 j = 0


-1 664 153 268 500 997 991 
-1 -1 253 590 868 842 682 
-1 409 87 351 565 496 251 
485 -1 114 584 413 863 22 
388 307 545 585 972 417 572 
192 415 565 814 178 537 405 
765 380 806 193 509 893 263 

pos atual: i = 4 j = 2


-1 664 153 268 500 997 991 
-1 -1 253 590 868 842 682 
-1 409 87 351 565 496 251 
485 -1 114 584 413 863 22 
388 307 -1 585 972 417 572 
192 415 565 814 178 537 405 
765 380 806 193 509 893 263 

pos atual: i = 5 j = 3


-1 664 153 268 500 997 991 
-1 -1 253 590 868 842 682 
-1 409 87 351 565 496 251 
485 -1 114 584 413 863 22 
388 307 -1 585 972 417 572 
192 415 565 -1 178 537 405 
765 380 -1 193 509 893 263 

pos atual: i = 6 j = 3


-1 664 153 268 500 997 991 
-1 -1 253 590 868 842 682 
-1 409 87 351 565 496 251 
485 -1 114 584 413 863 22 
388 307 -1 585 972 417 572 
192 415 565 -1 178 537 405 
765 380 -1 -1 509 893 263 

pos atual: i = 6 j = 4


-1 664 153 268 500 997 991 
-1 -1 253 590 868 842 682 
-1 409 87 351 565 496 251 
485 -1 114 584 413 863 22 
388 307 -1 585 972 417 572 
192 415 565 -1 178 537 405 
765 380 -1 -1 -1 893 263 

pos atual: i = 6 j = 5


-1 664 153 268 500 997 991 
-1 -1 253 590 868 842 682 
-1 409 87 351 565 496 251 
485 -1 114 584 413 863 22 
388 307 -1 585 972 417 572 
192 415 565 -1 178 537 405 
765 380 -1 -1 -1 -1 -1 

pos atual: i = 6 j = 6


Caminho: 478
Caminho: 903
Caminho: 762
Caminho: 707
Caminho: 564
Caminho: 545
Caminho: 814
Caminho: 806
Caminho: 193
Caminho: 509
Caminho: 893
Caminho: 263
Total: 7437
